259
255
255
255
255
255
255
48
48
13
13
6
6
3
3
255
255
255
255
48
48
13
13
6
6
3
3
255
255
255
255
255
255
255
255
48
48
13
13
6
6
3
3
255
255
255
255
48
48
13
13
6
6
3
3
255
255
255
255
255
255
255
74
21
10
6
3
3
255
255
255
21
10
3
3
255
255
255
255
255
3
3
255
255
255
79
23
12
6
3
3
255
255
255
255
255
255
107
35
10
10
6
4
255
255
107
35
17
10
10
4
255
255
255
255
116
40
18
10
7
6
255
255
255
255
172
60
34
17
13
8
6
6
255
255
171
58
34
17
13
8
6
5
3
255
255
255
206
88
48
29
18
15
12
8
6
4
4
255
255
197
88
49
28
18
14
10
7
6
5
12
255
230
122
72
46
30
25
18
255
17
22
255
255
222
123
74
45
31
3
11
12
10
7
7
8
3
3
3
3
3
3
3
3
3
3
3
3
3
3
3
3
76
231
159
97
255
103
183
241
255
97
255
159
15
61
43
23
15
19
23
31
43
61
46
39
25
23
15
255
255
250
252
146
209
212
114
142
42
56
81
58
86
111
33
40
37
40
30
22
