1.0
259
98.00 245.000 0.000756 0.0 0.000756 117 64 121 69 36 10 79 48 96 192 247 72 83 1 145 114 90 196 68 106 201 176 229 8 96 168 32 16 101 187 66 33 
99.00 245.000 0.000756 0.0 0.000756 49 71 66 77 20 2 230 120 68 64 90 198 81 96 176 96 120 228 6 238 201 176 5 12 36 44 160 128 125 186 112 0 
97.00 246.000 0.000756 0.0 0.000756 66 176 144 176 137 237 16 3 171 55 32 25 142 158 64 26 129 19 203 16 18 76 210 209 143 208 26 123 144 64 135 18 
98.00 246.000 0.000756 0.0 0.000756 204 48 184 96 32 76 81 24 96 186 53 24 31 23 72 59 132 20 117 56 128 100 176 0 195 201 113 36 194 160 66 35 
99.00 246.000 0.000756 0.0 0.000756 3 143 2 158 22 131 138 230 22 0 72 227 32 224 180 196 89 106 2 133 6 136 12 191 32 38 138 131 21 14 56 12 
100.00 246.000 0.000756 0.0 0.000756 2 136 4 152 203 129 144 199 158 21 64 147 44 134 98 64 201 59 163 145 22 75 2 241 25 16 30 107 16 12 173 138 
198.00 246.000 0.000756 0.0 0.000756 3 207 66 158 214 131 174 231 22 0 72 231 32 232 182 196 123 107 2 197 86 154 12 255 60 38 142 131 61 94 185 140 
199.00 246.000 0.000756 0.0 0.000756 252 48 189 97 40 108 81 24 105 254 183 24 223 31 73 59 132 148 125 56 137 101 243 0 195 217 113 116 194 161 70 115 
296.00 246.000 0.000756 0.0 0.000756 252 48 189 97 40 124 81 24 233 254 183 24 223 31 74 59 132 148 253 56 169 101 243 0 195 217 113 116 202 161 70 115 
297.00 246.000 0.000756 0.0 0.000756 3 207 66 158 214 131 174 231 23 0 72 231 32 232 180 196 123 107 2 199 86 154 12 255 60 38 142 131 53 94 185 140 
396.00 246.000 0.000756 0.0 0.000756 3 207 66 158 215 131 174 231 31 0 88 227 32 232 181 196 123 107 2 199 86 154 12 255 60 38 142 131 53 94 185 140 
397.00 246.000 0.000756 0.0 0.000756 252 48 189 97 40 124 81 24 232 254 183 28 223 31 74 59 132 148 253 56 169 101 243 0 195 217 113 116 202 161 70 115 
494.00 246.000 0.000756 0.0 0.000756 252 48 189 97 40 124 81 24 224 254 183 28 223 31 74 59 132 148 253 56 169 101 243 0 195 217 113 116 74 161 70 115 
495.00 246.000 0.000756 0.0 0.000756 3 207 66 158 215 131 174 231 31 0 88 227 40 232 181 196 123 107 2 199 86 154 12 255 60 38 142 131 53 94 185 140 
97.00 247.000 0.000756 0.0 0.000756 2 136 4 152 203 129 144 199 158 21 64 147 44 134 98 64 201 59 163 145 22 75 2 241 25 16 30 107 16 12 173 138 
98.00 247.000 0.000756 0.0 0.000756 3 143 2 158 22 131 138 230 22 0 72 227 32 224 180 196 89 106 2 133 6 136 12 191 32 38 138 131 21 14 56 12 
99.00 247.000 0.000756 0.0 0.000756 204 48 184 96 32 76 81 24 96 186 53 24 31 23 72 59 132 20 117 56 128 100 176 0 195 201 113 36 194 160 66 35 
100.00 247.000 0.000756 0.0 0.000756 66 176 144 176 137 237 16 3 171 55 32 25 142 158 64 26 129 19 203 16 18 76 210 209 143 208 26 123 144 64 135 18 
198.00 247.000 0.000756 0.0 0.000756 252 48 189 97 40 108 81 24 105 254 183 24 223 31 73 59 132 148 125 56 137 101 243 0 195 217 113 116 194 161 70 115 
199.00 247.000 0.000756 0.0 0.000756 3 207 66 158 214 131 174 231 22 0 72 231 32 232 182 196 123 107 2 197 86 154 12 255 60 38 142 131 61 94 185 140 
296.00 247.000 0.000756 0.0 0.000756 3 207 66 158 214 131 174 231 23 0 72 231 32 232 180 196 123 107 2 199 86 154 12 255 60 38 142 131 53 94 185 140 
297.00 247.000 0.000756 0.0 0.000756 252 48 189 97 40 124 81 24 233 254 183 24 223 31 74 59 132 148 253 56 169 101 243 0 195 217 113 116 202 161 70 115 
396.00 247.000 0.000756 0.0 0.000756 252 48 189 97 40 124 81 24 232 254 183 28 223 31 74 59 132 148 253 56 169 101 243 0 195 217 113 116 202 161 70 115 
397.00 247.000 0.000756 0.0 0.000756 3 207 66 158 215 131 174 231 31 0 88 227 32 232 181 196 123 107 2 199 86 154 12 255 60 38 142 131 53 94 185 140 
494.00 247.000 0.000756 0.0 0.000756 3 207 66 158 215 131 174 231 31 0 88 227 40 232 181 196 123 107 2 199 86 154 12 255 60 38 142 131 53 94 185 140 
495.00 247.000 0.000756 0.0 0.000756 252 48 189 97 40 124 81 24 224 254 183 28 223 31 74 59 132 148 253 56 169 101 243 0 195 217 113 116 74 161 70 115 
98.00 248.000 0.000756 0.0 0.000756 49 71 66 77 20 2 230 120 68 64 90 198 81 96 176 96 120 228 6 238 201 176 5 12 36 44 160 128 125 186 112 0 
99.00 248.000 0.000756 0.0 0.000756 117 64 121 69 36 10 79 48 96 192 247 72 83 1 145 114 90 196 68 106 201 176 229 8 96 168 32 16 101 187 66 33 
98.00 344.000 0.000756 0.0 0.000756 2 136 4 152 203 129 144 199 158 21 64 147 44 134 98 64 201 59 163 145 22 75 2 241 25 16 30 107 16 12 173 138 
99.00 344.000 0.000756 0.0 0.000756 66 176 144 176 137 237 16 3 171 55 32 25 142 158 64 26 129 19 203 16 18 76 210 209 143 208 26 123 144 64 135 18 
97.00 345.000 0.000756 0.0 0.000756 49 71 66 77 20 2 230 120 68 64 90 198 81 96 176 96 120 228 6 238 201 176 5 12 36 44 160 128 125 186 112 0 
98.00 345.000 0.000756 0.0 0.000756 3 143 2 158 22 131 138 230 22 0 72 227 32 224 180 196 89 106 2 133 6 136 12 191 32 38 138 131 21 14 56 12 
99.00 345.000 0.000756 0.0 0.000756 204 48 184 96 32 76 81 24 96 186 53 24 31 23 72 59 132 20 117 56 128 100 176 0 195 201 113 36 194 160 66 35 
100.00 345.000 0.000756 0.0 0.000756 117 64 121 69 36 10 79 48 96 192 247 72 83 1 145 114 90 196 68 106 201 176 229 8 96 168 32 16 101 187 66 33 
198.00 345.000 0.000756 0.0 0.000756 252 48 189 97 40 108 81 24 105 254 183 24 223 31 73 59 132 148 125 56 137 101 243 0 195 217 113 116 194 161 70 115 
199.00 345.000 0.000756 0.0 0.000756 3 207 66 158 214 131 174 231 22 0 72 231 32 232 182 196 123 107 2 197 86 154 12 255 60 38 142 131 61 94 185 140 
296.00 345.000 0.000756 0.0 0.000756 3 207 66 158 214 131 174 231 23 0 72 231 32 232 180 196 123 107 2 199 86 154 12 255 60 38 142 131 53 94 185 140 
297.00 345.000 0.000756 0.0 0.000756 252 48 189 97 40 124 81 24 233 254 183 24 223 31 74 59 132 148 253 56 169 101 243 0 195 217 113 116 202 161 70 115 
396.00 345.000 0.000756 0.0 0.000756 252 48 189 97 40 124 81 24 232 254 183 28 223 31 74 59 132 148 253 56 169 101 243 0 195 217 113 116 202 161 70 115 
397.00 345.000 0.000756 0.0 0.000756 3 207 66 158 215 131 174 231 31 0 88 227 32 232 181 196 123 107 2 199 86 154 12 255 60 38 142 131 53 94 185 140 
494.00 345.000 0.000756 0.0 0.000756 3 207 66 158 215 131 174 231 31 0 88 227 40 232 181 196 123 107 2 199 86 154 12 255 60 38 142 131 53 94 185 140 
495.00 345.000 0.000756 0.0 0.000756 252 48 189 97 40 124 81 24 224 254 183 28 223 31 74 59 132 148 253 56 169 101 243 0 195 217 113 116 74 161 70 115 
97.00 346.000 0.000756 0.0 0.000756 117 64 121 69 36 10 79 48 96 192 247 72 83 1 145 114 90 196 68 106 201 176 229 8 96 168 32 16 101 187 66 33 
98.00 346.000 0.000756 0.0 0.000756 204 48 184 96 32 76 81 24 96 186 53 24 31 23 72 59 132 20 117 56 128 100 176 0 195 201 113 36 194 160 66 35 
99.00 346.000 0.000756 0.0 0.000756 3 143 2 158 22 131 138 230 22 0 72 227 32 224 180 196 89 106 2 133 6 136 12 191 32 38 138 131 21 14 56 12 
100.00 346.000 0.000756 0.0 0.000756 49 71 66 77 20 2 230 120 68 64 90 198 81 96 176 96 120 228 6 238 201 176 5 12 36 44 160 128 125 186 112 0 
198.00 346.000 0.000756 0.0 0.000756 3 207 66 158 214 131 174 231 22 0 72 231 32 232 182 196 123 107 2 197 86 154 12 255 60 38 142 131 61 94 185 140 
199.00 346.000 0.000756 0.0 0.000756 252 48 189 97 40 108 81 24 105 254 183 24 223 31 73 59 132 148 125 56 137 101 243 0 195 217 113 116 194 161 70 115 
296.00 346.000 0.000756 0.0 0.000756 252 48 189 97 40 124 81 24 233 254 183 24 223 31 74 59 132 148 253 56 169 101 243 0 195 217 113 116 202 161 70 115 
297.00 346.000 0.000756 0.0 0.000756 3 207 66 158 214 131 174 231 23 0 72 231 32 232 180 196 123 107 2 199 86 154 12 255 60 38 142 131 53 94 185 140 
396.00 346.000 0.000756 0.0 0.000756 3 207 66 158 215 131 174 231 31 0 88 227 32 232 181 196 123 107 2 199 86 154 12 255 60 38 142 131 53 94 185 140 
397.00 346.000 0.000756 0.0 0.000756 252 48 189 97 40 124 81 24 232 254 183 28 223 31 74 59 132 148 253 56 169 101 243 0 195 217 113 116 202 161 70 115 
494.00 346.000 0.000756 0.0 0.000756 252 48 189 97 40 124 81 24 224 254 183 28 223 31 74 59 132 148 253 56 169 101 243 0 195 217 113 116 74 161 70 115 
495.00 346.000 0.000756 0.0 0.000756 3 207 66 158 215 131 174 231 31 0 88 227 40 232 181 196 123 107 2 199 86 154 12 255 60 38 142 131 53 94 185 140 
98.00 347.000 0.000756 0.0 0.000756 66 176 144 176 137 237 16 3 171 55 32 25 142 158 64 26 129 19 203 16 18 76 210 209 143 208 26 123 144 64 135 18 
99.00 347.000 0.000756 0.0 0.000756 2 136 4 152 203 129 144 199 158 21 64 147 44 134 98 64 201 59 163 145 22 75 2 241 25 16 30 107 16 12 173 138 
97.50 244.400 0.000447 0.0 0.000447 117 64 121 100 36 14 75 16 96 168 183 72 83 1 145 51 30 196 76 106 137 160 229 8 210 169 97 16 101 179 66 33 
98.80 244.400 0.000447 0.0 0.000447 49 65 67 77 20 2 102 56 100 64 122 70 83 64 176 96 120 228 22 238 201 176 37 12 36 168 161 128 125 186 112 32 
97.50 245.700 0.000447 0.0 0.000447 200 48 184 112 33 109 80 18 43 187 36 24 158 31 72 27 129 17 245 16 2 100 146 0 203 217 80 119 194 0 7 19 
98.80 245.700 0.000447 0.0 0.000447 33 143 66 14 20 131 174 240 68 0 90 230 97 96 180 68 88 98 2 239 196 184 13 63 32 44 171 128 61 174 112 4 
100.10 245.700 0.000447 0.0 0.000447 2 168 0 152 203 145 144 199 158 21 64 147 44 142 98 192 201 59 163 145 22 75 2 241 25 18 158 107 144 12 173 142 
198.90 245.700 0.000447 0.0 0.000447 204 48 189 112 41 125 81 18 171 255 165 24 158 31 74 59 129 21 253 16 59 101 242 128 203 217 80 127 194 1 7 115 
296.40 245.700 0.000447 0.0 0.000447 53 83 75 103 52 14 79 56 96 232 255 230 83 65 153 112 126 196 20 238 201 176 109 12 240 169 165 132 109 187 82 49 
396.50 245.700 0.000447 0.0 0.000447 202 172 182 152 201 245 176 71 159 23 132 25 172 190 102 143 129 51 235 17 54 79 146 243 15 83 90 123 146 68 143 206 
494.00 245.700 0.000447 0.0 0.000447 253 48 61 97 40 78 89 24 96 252 183 28 215 21 75 59 132 148 125 58 137 101 241 0 195 217 97 180 104 163 70 115 
594.10 245.700 0.000447 0.0 0.000447 2 143 66 158 211 177 166 231 159 7 72 147 40 232 36 196 107 107 130 145 118 155 6 255 60 22 158 75 151 92 185 142 
595.40 245.700 0.000447 0.0 0.000447 253 48 61 97 44 76 89 24 96 248 183 76 215 21 203 59 148 148 125 122 137 101 241 0 195 201 97 180 104 163 70 115 
97.50 247.000 0.000447 0.0 0.000447 2 140 2 158 19 145 146 230 22 1 72 179 44 234 38 196 217 43 131 133 38 136 6 255 40 38 154 75 20 12 184 142 
98.80 247.000 0.000447 0.0 0.000447 101 48 253 100 36 14 75 16 96 168 55 72 83 23 217 59 22 212 92 106 137 224 177 8 195 169 97 132 96 163 66 33 
100.10 247.000 0.000447 0.0 0.000447 74 176 144 176 137 237 16 2 171 23 32 25 142 159 64 26 129 19 201 16 18 76 210 209 139 209 26 127 210 68 7 66 
296.40 247.000 0.000447 0.0 0.000447 53 79 75 71 118 2 111 184 100 232 123 230 83 65 153 96 126 236 20 238 201 176 109 44 100 172 165 132 109 187 112 49 
396.50 247.000 0.000447 0.0 0.000447 202 172 182 152 201 245 176 71 159 23 132 25 172 190 102 143 129 51 235 17 54 79 146 243 15 83 90 123 146 68 143 206 
594.10 247.000 0.000447 0.0 0.000447 232 48 189 112 41 124 81 27 171 127 165 25 159 31 74 59 133 21 253 16 43 71 243 128 195 219 112 127 194 0 14 115 
595.40 247.000 0.000447 0.0 0.000447 7 207 66 143 214 130 174 230 20 128 90 231 96 224 181 196 123 234 2 231 196 154 12 255 60 38 175 128 61 255 185 140 
97.50 248.300 0.000447 0.0 0.000447 1 7 66 13 20 2 238 112 68 64 90 198 81 96 176 100 120 100 18 238 193 176 13 12 36 44 163 128 125 170 112 4 
98.80 248.300 0.000447 0.0 0.000447 117 64 113 69 36 10 79 48 96 192 246 66 83 1 145 112 122 196 4 106 201 176 101 12 112 168 32 16 109 187 66 33 
97.50 344.500 0.000447 0.0 0.000447 3 143 2 158 22 147 170 230 86 0 72 231 96 224 180 196 88 106 2 205 166 152 12 255 32 38 138 129 21 14 56 140 
98.80 344.500 0.000447 0.0 0.000447 138 176 176 240 137 237 16 2 171 51 36 25 142 159 64 26 129 19 201 16 18 108 210 208 203 209 82 127 194 64 7 18 
100.10 344.500 0.000447 0.0 0.000447 117 64 121 100 36 14 75 16 96 232 183 72 83 3 145 59 30 196 68 106 137 162 237 8 210 169 97 20 101 179 66 33 
594.10 344.500 0.000447 0.0 0.000447 125 80 125 103 44 78 75 24 96 248 183 108 211 21 217 59 22 212 125 110 201 32 249 8 193 233 97 148 104 163 66 113 
595.40 344.500 0.000447 0.0 0.000447 3 207 66 159 214 147 174 231 30 0 88 227 96 232 180 196 123 106 2 199 116 154 12 255 60 38 142 130 61 95 185 140 
97.50 345.800 0.000447 0.0 0.000447 101 80 125 100 36 14 75 16 96 232 183 72 83 19 145 59 30 212 92 106 137 160 233 8 195 169 97 148 101 179 66 33 
98.80 345.800 0.000447 0.0 0.000447 2 143 66 158 23 145 134 230 22 1 72 227 96 232 180 196 91 107 130 197 38 136 14 255 40 38 158 195 21 14 185 140 
100.10 345.800 0.000447 0.0 0.000447 49 71 67 77 20 2 238 120 68 192 90 198 83 64 177 96 120 228 22 238 201 176 5 12 36 40 165 128 125 186 112 160 
198.90 345.800 0.000447 0.0 0.000447 252 48 189 96 41 108 81 24 169 255 183 24 159 31 75 59 132 149 125 56 137 100 243 0 195 217 113 116 194 161 70 115 
296.40 345.800 0.000447 0.0 0.000447 202 176 180 184 137 253 144 71 187 23 132 25 172 190 102 159 129 19 235 17 54 77 210 211 207 83 90 123 146 68 143 78 
396.50 345.800 0.000447 0.0 0.000447 53 83 73 103 54 10 79 184 100 232 123 230 83 65 153 112 126 204 20 238 201 176 109 44 240 172 165 132 109 187 112 49 
494.00 345.800 0.000447 0.0 0.000447 253 48 61 97 44 78 89 24 96 248 183 76 215 21 75 59 148 148 125 122 137 101 241 0 195 201 97 180 104 163 70 113 
594.10 345.800 0.000447 0.0 0.000447 2 207 66 158 215 177 174 231 31 3 72 227 40 232 180 196 123 107 130 197 118 154 14 255 60 38 158 75 23 92 185 140 
595.40 345.800 0.000447 0.0 0.000447 202 176 188 240 9 124 17 3 171 127 164 25 142 159 66 59 129 17 249 16 58 77 242 128 203 211 88 127 130 68 15 114 
97.50 347.100 0.000447 0.0 0.000447 202 176 144 240 137 237 16 2 171 51 32 25 142 31 64 26 129 19 201 16 18 108 146 208 203 209 82 127 194 64 7 19 
98.80 347.100 0.000447 0.0 0.000447 2 168 20 152 203 225 176 199 158 21 64 25 172 142 98 8 193 59 227 17 22 75 2 241 29 18 30 123 144 12 173 206 
98.02 243.360 0.000265 0.0 0.000265 117 65 97 69 36 10 79 48 96 224 242 66 83 1 145 112 122 196 20 106 201 176 101 12 48 168 33 0 109 187 80 32 
99.71 243.360 0.000265 0.0 0.000265 1 15 66 15 20 131 238 112 68 0 90 198 113 96 176 100 120 110 2 239 197 184 13 127 32 44 171 128 61 170 112 4 
98.02 245.050 0.000265 0.0 0.000265 117 64 113 69 36 10 79 48 96 224 243 66 83 1 145 114 58 196 20 106 201 176 101 8 32 168 161 144 109 187 82 33 
99.71 245.050 0.000265 0.0 0.000265 2 136 2 154 155 145 16 199 150 21 64 147 44 138 34 192 201 43 131 145 54 10 2 247 40 6 158 107 148 12 189 142 
197.73 245.050 0.000265 0.0 0.000265 2 143 2 154 219 177 182 231 158 7 72 147 44 234 38 196 235 43 131 149 54 139 6 255 56 54 158 107 151 76 189 142 
295.75 245.050 0.000265 0.0 0.000265 253 112 253 97 44 78 89 24 96 248 183 76 211 23 217 59 22 148 124 106 137 100 249 0 195 233 97 180 104 179 70 113 
493.48 245.050 0.000265 0.0 0.000265 236 48 189 241 41 124 81 24 171 255 165 24 159 31 75 59 133 21 253 24 43 101 243 0 195 217 112 61 194 1 70 115 
495.17 245.050 0.000265 0.0 0.000265 3 207 66 143 214 130 174 231 20 128 90 231 96 224 181 196 122 234 2 231 228 154 12 255 60 38 175 128 61 255 185 140 
594.88 245.050 0.000265 0.0 0.000265 202 176 188 240 137 253 17 3 187 119 164 25 142 159 70 155 129 19 249 17 54 79 242 209 203 211 88 123 146 68 143 94 
692.90 245.050 0.000265 0.0 0.000265 53 79 67 79 118 2 239 248 68 136 91 230 81 96 185 96 126 236 22 238 201 178 13 46 52 44 165 132 109 187 112 161 
98.02 246.740 0.000265 0.0 0.000265 49 67 66 77 20 2 110 56 100 192 114 198 83 96 177 96 120 228 22 238 201 176 5 12 52 40 165 128 109 186 112 0 
99.71 246.740 0.000265 0.0 0.000265 200 176 144 240 9 109 16 2 171 51 36 24 158 31 72 27 129 19 249 16 18 108 146 192 203 209 80 127 194 64 7 19 
197.73 246.740 0.000265 0.0 0.000265 204 48 188 240 169 125 81 26 171 255 165 24 158 159 74 59 129 21 253 16 18 101 242 192 203 217 80 127 194 64 7 115 
295.75 246.740 0.000265 0.0 0.000265 19 207 66 143 214 131 174 228 84 0 90 230 97 224 181 196 126 234 2 239 197 186 13 255 52 38 175 128 61 254 248 140 
397.15 246.740 0.000265 0.0 0.000265 2 207 66 158 215 177 174 231 30 1 72 227 40 232 54 196 123 107 130 197 118 155 14 255 60 38 158 203 29 94 185 140 
493.48 246.740 0.000265 0.0 0.000265 2 207 194 158 215 177 174 231 159 3 72 227 40 234 180 196 123 107 130 197 118 155 14 255 60 54 158 203 151 92 185 140 
495.17 246.740 0.000265 0.0 0.000265 253 48 61 97 44 78 89 24 96 248 183 76 215 21 75 59 148 148 125 122 137 101 241 0 195 201 97 180 104 163 70 113 
692.90 246.740 0.000265 0.0 0.000265 117 83 105 103 52 14 75 56 96 232 183 236 211 85 153 112 22 196 92 110 201 176 109 12 224 169 161 148 109 179 82 113 
98.02 248.430 0.000265 0.0 0.000265 49 65 67 77 20 2 110 56 100 192 114 70 83 0 145 96 120 196 20 238 201 176 101 12 36 168 164 0 109 186 112 32 
99.71 248.430 0.000265 0.0 0.000265 117 48 249 100 36 14 75 16 96 136 183 40 83 19 209 59 30 196 76 106 137 224 225 8 195 169 97 148 96 179 66 33 
98.02 344.760 0.000265 0.0 0.000265 53 67 67 77 4 2 110 56 100 224 114 198 83 64 177 96 120 196 20 238 201 176 37 12 52 168 164 128 109 187 112 32 
99.71 344.760 0.000265 0.0 0.000265 53 65 67 69 4 10 79 48 96 224 242 70 83 1 145 112 122 196 20 238 201 176 101 12 48 168 161 128 109 187 112 32 
197.73 344.760 0.000265 0.0 0.000265 66 176 180 184 137 253 144 71 159 23 0 25 172 190 102 10 129 19 235 17 22 77 146 209 143 82 90 123 146 68 143 78 
295.75 344.760 0.000265 0.0 0.000265 53 79 75 71 118 2 111 184 100 232 123 230 83 65 153 96 126 236 20 238 201 176 45 44 100 172 165 132 109 187 112 177 
397.15 344.760 0.000265 0.0 0.000265 138 172 182 152 203 245 176 71 159 23 4 25 172 190 102 143 129 59 235 17 54 79 146 243 15 87 94 123 146 68 175 206 
495.17 344.760 0.000265 0.0 0.000265 53 83 73 103 52 10 79 184 100 232 251 230 83 65 153 112 126 196 20 238 201 176 109 12 224 173 161 132 109 187 112 49 
594.88 344.760 0.000265 0.0 0.000265 202 172 182 152 201 245 176 71 159 23 4 25 172 190 102 143 129 51 235 17 54 79 146 243 15 83 94 123 146 68 175 206 
692.90 344.760 0.000265 0.0 0.000265 53 83 73 103 54 10 79 184 96 232 123 230 83 65 153 112 126 204 20 238 201 176 109 12 224 172 161 132 109 187 82 49 
98.02 346.450 0.000265 0.0 0.000265 66 160 144 152 137 233 48 71 175 21 128 25 140 158 102 26 129 27 235 17 18 75 130 209 137 208 26 123 144 68 135 194 
99.71 346.450 0.000265 0.0 0.000265 2 143 2 158 23 147 142 230 22 1 74 227 32 232 182 196 91 107 130 133 38 136 14 255 32 38 154 139 21 14 56 140 
98.86 243.867 0.000157 0.0 0.000157 33 79 66 15 84 130 238 112 68 64 90 198 113 96 176 100 124 228 6 239 201 176 13 45 36 44 163 128 125 186 112 132 
98.86 246.064 0.000157 0.0 0.000157 2 160 144 152 201 225 144 71 143 21 0 25 172 158 98 10 129 27 235 17 22 75 130 209 137 16 26 123 144 68 143 202 
197.73 246.064 0.000157 0.0 0.000157 53 67 67 69 52 10 79 56 96 224 115 198 83 65 145 112 126 196 20 238 201 176 109 12 32 168 161 132 109 187 112 49 
296.59 246.064 0.000157 0.0 0.000157 202 188 180 184 201 245 176 71 159 23 4 25 172 190 102 143 129 59 235 17 54 79 146 243 139 83 90 123 146 68 143 206 
395.46 246.064 0.000157 0.0 0.000157 53 83 75 103 54 10 79 184 96 232 123 230 83 65 153 112 126 196 20 238 201 176 109 12 112 172 165 132 109 187 112 49 
494.32 246.064 0.000157 0.0 0.000157 202 172 180 152 201 245 176 71 159 23 132 25 172 190 102 143 129 59 235 17 54 79 146 243 139 83 90 123 146 68 143 206 
593.19 246.064 0.000157 0.0 0.000157 53 83 73 103 54 10 79 184 100 232 123 230 83 65 153 112 126 204 20 238 201 176 109 44 240 172 165 132 109 187 112 49 
692.05 246.064 0.000157 0.0 0.000157 202 172 182 152 201 245 176 71 155 23 132 25 172 190 102 143 129 51 235 17 54 79 146 211 15 83 90 123 146 68 143 206 
790.92 246.064 0.000157 0.0 0.000157 53 83 73 103 54 10 79 184 100 232 123 230 83 65 153 112 126 204 20 238 201 176 109 44 240 172 165 132 109 187 112 49 
889.78 246.064 0.000157 0.0 0.000157 202 172 182 152 201 245 176 71 155 23 132 25 172 190 102 143 129 51 235 17 54 79 146 211 15 83 90 123 146 68 143 206 
98.86 248.261 0.000157 0.0 0.000157 117 80 121 101 36 14 75 16 96 232 183 104 83 17 145 51 30 212 92 106 137 160 237 8 195 169 97 148 101 179 66 33 
98.86 344.929 0.000157 0.0 0.000157 117 64 97 69 36 10 79 48 96 224 243 70 83 1 145 114 122 196 20 238 201 176 229 12 112 168 161 128 109 187 82 33 
197.73 344.929 0.000157 0.0 0.000157 117 80 125 101 36 14 75 24 96 232 183 76 83 23 153 59 22 212 92 110 201 176 249 8 195 169 97 148 109 179 66 113 
296.59 344.929 0.000157 0.0 0.000157 125 83 105 101 36 14 79 56 96 232 247 230 83 81 153 115 62 196 84 238 201 176 125 12 240 169 161 148 109 187 82 49 
395.46 344.929 0.000157 0.0 0.000157 236 48 189 112 41 125 81 24 171 127 165 25 159 31 74 59 133 21 253 16 27 103 243 0 195 217 80 127 194 0 7 115 
494.32 344.929 0.000157 0.0 0.000157 125 83 121 103 36 14 79 56 96 232 183 108 83 85 153 51 22 196 92 110 201 176 125 12 224 233 161 148 109 187 82 113 
593.19 344.929 0.000157 0.0 0.000157 202 176 188 240 137 253 17 3 187 119 164 25 142 159 70 155 129 19 249 17 54 79 242 209 203 211 88 123 194 68 143 82 
692.05 344.929 0.000157 0.0 0.000157 125 82 125 103 36 14 75 24 96 232 183 108 211 23 153 51 22 212 92 110 201 176 249 8 195 233 33 148 108 179 66 113 
790.92 344.929 0.000157 0.0 0.000157 202 176 188 176 137 253 16 7 187 55 164 25 142 191 70 159 129 19 249 17 54 79 242 211 203 211 90 123 146 68 143 78 
889.78 344.929 0.000157 0.0 0.000157 253 48 189 97 40 78 81 24 224 252 183 28 215 21 203 59 132 148 125 42 137 101 241 0 195 201 97 180 104 163 70 115 
988.65 344.929 0.000157 0.0 0.000157 202 184 180 184 137 253 144 7 155 23 132 25 172 190 70 159 129 51 233 17 54 79 242 211 203 83 90 123 146 68 143 78 
98.86 347.126 0.000157 0.0 0.000157 2 140 2 152 219 145 144 199 158 21 64 147 44 138 98 192 233 43 163 145 54 11 2 247 56 22 158 107 16 12 189 142 
97.11 242.768 0.000093 0.0 0.000093 53 64 65 69 36 10 79 48 96 224 242 70 83 1 145 112 122 196 20 238 201 176 101 12 32 168 161 0 109 187 114 32 
97.11 245.625 0.000093 0.0 0.000093 2 160 144 152 201 225 144 71 143 23 0 25 140 190 98 10 129 27 235 17 22 75 130 209 137 16 26 123 144 68 143 194 
197.07 245.625 0.000093 0.0 0.000093 53 67 67 69 36 10 79 56 96 224 115 198 83 65 145 112 126 196 20 238 201 176 109 12 32 168 161 132 109 187 112 48 
294.18 245.625 0.000093 0.0 0.000093 66 184 180 184 201 245 144 71 159 23 0 25 172 190 102 138 129 59 235 17 54 79 146 241 139 82 90 123 146 68 143 206 
394.14 245.625 0.000093 0.0 0.000093 53 83 75 71 54 10 79 184 96 232 123 230 83 65 153 112 126 196 20 238 201 176 109 12 96 172 165 132 109 187 112 49 
494.11 245.625 0.000093 0.0 0.000093 202 172 180 152 201 245 176 71 159 23 132 25 172 190 102 143 129 59 235 17 54 79 146 243 139 83 90 123 146 68 143 206 
594.07 245.625 0.000093 0.0 0.000093 53 83 75 103 54 10 79 184 100 232 123 230 83 65 153 112 126 196 20 238 201 176 109 12 112 172 165 132 109 187 112 49 
691.18 245.625 0.000093 0.0 0.000093 138 172 182 152 201 245 176 71 159 23 4 25 172 190 102 143 129 59 235 17 54 79 146 243 15 83 94 123 146 68 173 206 
791.14 245.625 0.000093 0.0 0.000093 53 83 75 71 54 2 111 184 100 232 123 230 83 65 153 96 126 204 20 238 201 176 45 44 112 172 165 132 109 187 112 177 
888.25 245.625 0.000093 0.0 0.000093 202 172 182 152 201 245 176 71 155 23 132 25 172 190 102 143 129 51 235 17 54 79 146 211 15 83 90 123 146 68 143 206 
988.21 245.625 0.000093 0.0 0.000093 53 83 75 103 54 10 111 184 96 232 123 230 83 65 153 112 126 204 20 238 201 176 45 44 116 172 165 132 109 187 112 49 
1085.32 245.625 0.000093 0.0 0.000093 202 172 182 152 201 245 176 71 155 23 132 25 172 190 102 143 129 51 235 17 54 79 146 211 15 83 90 123 146 68 143 206 
1088.17 245.625 0.000093 0.0 0.000093 202 172 182 152 201 245 176 71 155 23 4 25 172 190 102 143 129 59 235 17 54 79 146 243 15 82 94 123 146 68 175 206 
97.11 248.481 0.000093 0.0 0.000093 49 65 67 77 20 2 110 56 100 224 114 198 83 64 177 96 120 228 20 238 201 176 45 12 52 168 165 128 109 187 112 32 
97.11 345.588 0.000093 0.0 0.000093 202 176 176 240 137 237 16 2 171 55 164 25 142 159 64 26 129 19 233 16 18 79 210 208 203 209 90 127 210 68 7 82 
197.07 345.588 0.000093 0.0 0.000093 49 79 67 79 84 2 238 248 68 192 90 230 113 96 177 100 124 236 22 239 201 176 13 45 52 44 165 128 125 186 112 164 
294.18 345.588 0.000093 0.0 0.000093 253 112 253 97 44 78 89 24 97 250 183 124 215 23 201 59 148 148 125 106 137 100 249 0 195 249 97 180 104 163 70 115 
394.14 345.588 0.000093 0.0 0.000093 2 143 66 158 211 147 174 231 158 5 72 231 40 234 54 196 123 107 130 133 118 155 14 255 60 54 158 75 151 92 185 140 
494.11 345.588 0.000093 0.0 0.000093 2 207 66 158 215 147 174 231 22 0 72 231 32 232 180 196 123 107 130 197 118 154 14 255 60 38 142 195 31 94 185 140 
594.07 345.588 0.000093 0.0 0.000093 252 48 189 97 41 124 81 24 233 254 183 24 223 31 75 59 132 148 253 56 169 101 243 0 195 217 113 116 202 161 70 115 
691.18 345.588 0.000093 0.0 0.000093 138 172 182 152 201 245 176 71 159 23 132 25 172 190 102 143 129 59 235 17 54 79 146 243 31 87 94 123 146 68 173 206 
791.14 345.588 0.000093 0.0 0.000093 117 83 105 103 52 14 79 184 96 232 255 230 83 65 153 112 126 196 20 238 201 176 109 12 224 169 161 132 109 179 82 49 
888.25 345.588 0.000093 0.0 0.000093 232 48 189 112 41 125 81 27 171 127 165 25 158 31 74 59 129 21 253 16 58 69 243 128 195 219 80 127 194 68 7 115 
988.21 345.588 0.000093 0.0 0.000093 23 207 67 15 214 131 174 244 84 128 90 230 97 224 181 196 126 234 2 239 197 154 12 127 52 44 175 128 61 187 240 141 
1085.32 345.588 0.000093 0.0 0.000093 253 112 253 97 44 78 89 24 96 248 183 108 215 21 217 59 150 148 125 110 137 100 249 0 195 201 97 180 104 163 70 113 
887.39 345.302 0.000055 0.0 0.000055 236 48 189 97 41 124 81 24 171 255 165 24 159 31 75 59 133 21 253 16 9 69 243 0 195 217 112 125 194 1 70 115 
96.54 245.053 0.000055 0.0 0.000055 2 160 144 152 203 225 144 71 143 21 0 25 140 158 98 10 129 27 235 17 22 75 130 209 141 16 26 123 144 68 143 194 
196.79 245.053 0.000055 0.0 0.000055 53 67 65 69 36 10 79 56 96 224 243 198 83 1 145 112 122 196 20 238 201 176 109 12 32 168 161 128 109 187 112 48 
293.32 245.053 0.000055 0.0 0.000055 66 176 180 184 203 241 176 71 159 23 128 25 172 190 102 10 129 27 235 17 22 79 146 209 159 82 90 123 144 68 143 206 
393.57 245.053 0.000055 0.0 0.000055 53 67 75 71 54 10 111 184 96 224 251 230 83 65 153 112 126 196 20 238 201 176 109 12 116 168 165 132 109 187 112 49 
493.82 245.053 0.000055 0.0 0.000055 202 188 180 184 201 245 144 71 159 23 4 25 172 190 102 143 129 59 235 17 54 79 146 243 139 87 90 123 146 68 143 206 
594.07 245.053 0.000055 0.0 0.000055 53 83 75 103 54 10 79 184 100 232 123 230 83 65 153 112 126 196 20 238 201 176 109 12 96 172 165 132 109 187 112 49 
690.60 245.053 0.000055 0.0 0.000055 202 176 180 152 201 253 144 71 155 23 132 25 172 190 102 159 129 51 235 17 54 79 146 211 139 83 90 123 146 68 143 78 
790.85 245.053 0.000055 0.0 0.000055 117 83 73 103 52 14 79 184 96 232 123 230 83 65 153 112 126 196 20 238 201 176 109 12 224 169 161 132 109 187 80 49 
96.54 241.340 0.000055 0.0 0.000055 53 64 65 69 36 10 79 48 96 224 243 70 83 1 145 112 122 196 20 238 201 176 101 12 96 168 161 0 109 187 114 32 
790.85 345.302 0.000055 0.0 0.000055 53 83 73 103 52 14 79 56 96 232 247 230 83 65 153 112 126 196 20 238 201 176 109 12 224 169 161 132 109 187 114 49 
690.60 345.302 0.000055 0.0 0.000055 202 168 180 184 201 253 144 71 155 23 132 25 172 190 102 159 129 59 235 17 54 79 146 211 139 83 90 123 146 68 143 206 
96.54 248.766 0.000055 0.0 0.000055 49 65 67 77 20 2 110 56 100 224 114 198 83 64 177 96 120 196 20 238 201 176 37 12 52 168 164 128 109 186 112 32 
96.54 345.302 0.000055 0.0 0.000055 202 48 176 240 137 237 16 2 171 55 36 25 142 159 64 26 129 19 233 16 18 76 210 208 203 209 90 127 194 68 7 82 
196.79 345.302 0.000055 0.0 0.000055 53 67 67 77 20 2 110 56 100 192 122 198 83 64 177 96 126 228 20 238 201 176 45 12 36 40 165 128 109 187 112 160 
293.32 345.302 0.000055 0.0 0.000055 253 112 253 101 36 78 89 24 96 250 183 104 215 23 201 59 150 148 92 106 137 100 241 0 195 233 97 180 96 179 70 113 
393.57 345.302 0.000055 0.0 0.000055 2 143 66 158 215 145 174 231 30 1 72 231 32 232 182 196 121 107 130 197 118 155 14 255 60 38 158 203 29 94 185 140 
493.82 345.302 0.000055 0.0 0.000055 2 143 2 158 211 145 182 231 159 7 72 147 40 234 38 196 251 107 130 149 118 155 14 255 60 54 158 75 151 76 185 142 
594.07 345.302 0.000055 0.0 0.000055 252 48 189 97 41 108 81 24 233 255 183 24 223 31 73 59 132 148 125 56 137 101 243 0 195 217 113 116 194 161 70 115 
935.66 478.968 0.000055 0.0 0.000055 59 18 121 224 37 220 217 17 201 77 180 239 31 31 214 188 238 145 149 157 143 42 48 192 211 217 186 251 111 140 95 119 
987.64 245.053 0.000055 0.0 0.000055 53 79 67 71 118 2 111 248 68 232 123 230 83 65 185 96 126 204 22 238 201 176 45 44 52 44 165 132 109 187 112 177 
887.39 245.053 0.000055 0.0 0.000055 202 172 180 152 201 245 176 71 159 23 132 25 172 190 102 143 129 51 235 17 54 79 146 243 15 83 90 123 146 68 143 206 
987.64 345.302 0.000055 0.0 0.000055 53 207 67 15 214 131 174 252 84 128 90 230 97 224 181 196 126 238 2 239 197 186 12 127 52 44 175 128 61 187 240 140 
1084.18 345.302 0.000055 0.0 0.000055 253 112 253 97 44 78 89 24 96 248 183 108 215 23 217 59 6 148 125 110 137 100 249 0 195 201 97 180 104 163 70 113 
1087.89 345.302 0.000055 0.0 0.000055 2 207 66 158 215 177 174 231 31 1 72 227 40 232 180 196 123 107 130 133 118 154 14 255 60 38 158 203 61 94 185 140 
1087.89 245.053 0.000055 0.0 0.000055 130 172 150 152 219 241 176 199 159 23 72 17 172 186 102 205 193 59 163 145 54 79 146 243 31 86 94 107 146 68 173 206 
935.66 475.255 0.000055 0.0 0.000055 123 18 121 224 37 220 217 16 201 77 180 239 31 31 214 188 238 145 149 141 143 42 48 192 211 217 186 251 47 140 79 119 
935.66 471.542 0.000055 0.0 0.000055 123 18 121 224 101 220 217 16 201 77 180 239 31 31 214 188 174 145 149 157 143 42 48 192 211 217 186 251 47 140 79 119 
935.66 467.829 0.000055 0.0 0.000055 123 18 121 224 101 220 217 16 201 77 180 239 31 31 214 190 174 145 149 157 143 34 48 192 211 217 186 251 47 140 77 119 
935.66 464.116 0.000055 0.0 0.000055 75 18 113 224 101 220 217 16 137 93 180 239 31 31 214 190 174 145 159 157 143 35 48 192 211 217 186 219 47 140 77 119 
935.66 460.403 0.000055 0.0 0.000055 75 18 122 224 101 220 217 18 137 93 180 47 156 31 246 175 174 145 159 149 135 41 48 192 211 217 186 155 15 140 79 119 
935.66 456.690 0.000055 0.0 0.000055 75 16 122 224 101 212 217 18 137 93 180 47 156 158 246 174 174 145 159 21 135 47 50 192 211 217 186 155 15 140 79 127 
935.66 452.977 0.000055 0.0 0.000055 75 16 122 224 45 212 217 18 137 93 180 175 156 158 246 174 174 145 159 145 135 47 50 192 211 217 58 187 15 140 79 95 
935.66 423.274 0.000055 0.0 0.000055 138 186 162 152 107 241 184 71 159 95 84 183 44 158 102 140 239 59 147 145 182 79 34 211 31 87 154 235 151 12 173 223 
935.66 430.700 0.000055 0.0 0.000055 138 56 50 152 111 245 184 67 139 93 20 183 44 158 102 143 239 59 151 145 150 79 178 209 23 81 218 235 150 12 45 223 
935.66 426.987 0.000055 0.0 0.000055 138 186 178 152 107 241 184 71 159 93 84 183 44 158 102 141 239 59 151 145 150 79 50 209 23 81 218 235 151 12 45 223 
935.66 434.413 0.000055 0.0 0.000055 138 56 50 152 111 213 185 83 139 93 20 55 172 158 102 143 174 51 151 145 134 15 178 209 19 89 218 235 150 4 45 223 
935.66 419.561 0.000055 0.0 0.000055 10 186 226 152 115 241 184 71 159 95 84 183 44 142 102 140 239 59 147 145 150 31 38 211 30 87 154 235 151 12 189 223 
935.66 449.264 0.000055 0.0 0.000055 74 16 120 224 47 212 153 82 137 93 148 175 156 158 246 174 174 145 159 129 135 43 50 192 211 217 58 187 30 140 47 223 
935.66 438.126 0.000055 0.0 0.000055 138 24 58 248 111 213 185 83 137 93 20 63 172 158 118 143 230 49 223 145 134 15 50 193 19 89 154 235 22 4 45 223 
935.66 441.839 0.000055 0.0 0.000055 74 18 114 216 111 212 185 83 137 93 20 191 140 158 246 175 166 49 215 145 134 15 178 192 83 89 154 235 22 4 47 223 
935.66 445.552 0.000055 0.0 0.000055 74 18 122 200 109 212 185 83 137 93 148 63 140 158 246 175 166 177 223 145 134 47 50 192 211 89 186 187 22 132 15 223 
492.33 342.703 0.000032 0.0 0.000032 2 174 130 154 219 177 176 199 159 23 72 147 172 234 102 204 225 59 163 145 54 75 2 247 61 22 158 107 146 76 173 142 
197.90 241.340 0.000032 0.0 0.000032 200 48 184 240 41 125 80 18 171 191 36 25 158 31 72 27 133 17 253 16 18 100 242 192 203 219 82 127 194 64 7 19 
294.44 241.340 0.000032 0.0 0.000032 53 67 67 69 52 10 111 56 96 224 115 198 83 65 145 112 126 196 20 238 201 176 109 12 36 168 161 132 109 187 112 49 
395.80 241.340 0.000032 0.0 0.000032 204 48 188 240 41 125 81 2 171 127 165 25 158 159 74 27 133 17 253 16 18 101 242 128 203 219 80 127 130 4 7 115 
96.54 241.340 0.000032 0.0 0.000032 53 65 67 69 4 10 111 56 96 224 114 198 83 1 145 112 122 196 20 238 201 176 101 12 36 168 161 128 109 187 112 48 
395.80 342.703 0.000032 0.0 0.000032 66 176 188 176 201 253 16 71 187 23 4 25 172 191 102 27 129 27 235 17 22 77 210 209 207 211 90 123 146 68 143 202 
294.44 342.703 0.000032 0.0 0.000032 2 160 150 152 201 241 144 199 159 23 128 25 172 190 102 10 129 59 235 17 22 79 130 241 25 18 94 123 144 68 175 206 
197.90 342.703 0.000032 0.0 0.000032 66 176 184 176 201 233 16 67 171 23 128 25 140 159 102 26 129 27 235 17 18 79 210 209 143 209 90 123 146 68 135 194 
96.54 342.703 0.000032 0.0 0.000032 2 160 148 152 203 225 176 199 158 21 0 25 172 158 98 8 129 27 235 17 22 75 130 209 25 18 30 123 144 76 173 206 
395.80 246.167 0.000032 0.0 0.000032 2 143 2 154 219 177 180 231 158 5 72 179 44 234 38 196 233 43 131 145 54 139 14 255 56 22 158 107 149 76 189 142 
96.54 246.167 0.000032 0.0 0.000032 53 65 99 69 4 10 79 48 96 224 242 198 83 1 145 112 122 196 20 238 201 176 101 12 48 168 161 128 109 187 112 48 
294.44 246.167 0.000032 0.0 0.000032 53 67 99 69 52 10 79 184 96 224 246 198 83 65 145 112 126 196 20 238 201 176 109 12 112 168 165 132 109 187 112 49 
989.50 342.703 0.000032 0.0 0.000032 236 48 189 112 41 109 81 25 235 127 165 24 158 31 72 59 133 21 125 24 155 100 243 0 195 217 80 126 194 65 70 115 
492.33 246.167 0.000032 0.0 0.000032 61 67 75 71 52 10 79 184 96 224 247 230 83 65 153 112 126 228 20 238 201 176 109 12 240 169 165 132 109 187 112 49 
593.70 246.167 0.000032 0.0 0.000032 2 143 2 154 219 177 180 231 159 5 72 179 44 234 38 196 235 43 131 145 54 139 14 255 60 22 158 107 151 76 189 142 
791.60 246.167 0.000032 0.0 0.000032 2 143 2 158 211 145 166 231 158 5 72 227 40 234 182 196 251 43 130 133 118 155 14 255 60 54 158 203 149 76 185 140 
984.67 241.340 0.000032 0.0 0.000032 2 175 130 154 219 177 180 231 159 5 72 163 44 232 102 196 233 43 131 145 22 27 6 247 60 22 158 107 149 76 189 142 
888.13 241.340 0.000032 0.0 0.000032 253 82 125 101 36 78 75 24 96 232 183 108 211 21 153 59 22 212 92 110 201 180 253 8 198 233 97 148 111 179 82 113 
791.60 241.340 0.000032 0.0 0.000032 236 48 189 112 41 125 81 24 171 127 165 24 158 31 75 59 133 149 253 16 26 101 243 128 195 217 80 63 194 1 71 115 
690.23 241.340 0.000032 0.0 0.000032 253 87 105 101 52 14 79 56 96 232 247 230 83 65 153 113 126 196 20 238 233 176 109 12 228 169 161 132 109 179 112 49 
593.70 241.340 0.000032 0.0 0.000032 204 48 189 240 41 125 81 19 171 255 165 25 158 159 74 59 133 21 253 16 18 101 242 192 203 219 80 127 194 69 7 115 
492.33 241.340 0.000032 0.0 0.000032 181 87 67 69 54 10 111 56 100 232 123 230 83 65 145 112 126 196 20 238 233 176 109 14 100 172 161 132 109 187 112 49 
593.70 342.703 0.000032 0.0 0.000032 74 176 188 176 201 253 144 71 187 31 4 25 172 191 102 27 129 27 235 17 22 79 210 209 203 211 90 123 146 68 143 202 
690.23 342.703 0.000032 0.0 0.000032 10 168 180 154 201 241 144 199 159 23 128 25 172 190 102 143 129 59 235 17 54 79 146 243 155 86 90 123 146 68 173 206 
791.60 342.703 0.000032 0.0 0.000032 202 176 188 240 137 253 17 7 171 63 165 25 142 191 70 27 129 19 249 17 18 79 242 208 207 211 88 127 210 68 135 122 
888.13 342.703 0.000032 0.0 0.000032 138 168 182 154 203 241 176 199 155 23 132 25 172 190 102 143 129 59 235 17 54 79 146 243 27 82 94 123 146 68 175 206 
984.67 342.703 0.000032 0.0 0.000032 2 172 150 152 219 241 180 199 159 23 72 179 172 174 102 204 225 59 163 145 54 75 130 247 31 22 94 107 146 68 173 142 
94.12 345.117 0.000019 0.0 0.000019 237 48 249 100 36 46 81 16 96 250 55 120 23 23 193 59 6 212 84 106 169 116 241 2 195 233 97 180 96 225 66 33 
94.12 244.719 0.000019 0.0 0.000019 2 176 148 154 169 225 144 71 143 29 129 57 140 158 98 10 129 19 235 17 22 75 154 241 141 16 26 123 144 68 135 67 
194.52 345.117 0.000019 0.0 0.000019 3 143 6 154 150 147 134 230 30 1 72 231 32 232 54 192 88 107 130 197 54 136 6 253 40 38 158 195 29 14 185 140 
194.52 244.719 0.000019 0.0 0.000019 253 65 109 69 4 30 111 48 113 224 118 198 83 1 145 245 122 228 20 238 233 180 101 12 54 169 225 128 111 187 80 32 
395.32 244.719 0.000019 0.0 0.000019 253 77 107 69 4 14 79 48 112 224 118 198 83 1 145 245 126 228 20 110 233 176 117 12 98 169 225 0 111 187 112 48 
294.92 345.117 0.000019 0.0 0.000019 3 143 66 157 150 147 174 239 84 0 74 199 97 224 182 196 120 106 130 237 214 152 5 255 40 38 142 192 29 14 185 140 
294.92 244.719 0.000019 0.0 0.000019 2 176 152 184 249 225 144 71 142 21 8 57 172 158 98 8 129 27 235 17 22 75 130 211 137 86 26 123 144 68 173 206 
489.44 244.719 0.000019 0.0 0.000019 66 176 184 186 203 233 144 207 154 29 1 57 140 190 110 26 129 27 235 17 22 75 138 241 219 85 90 127 144 68 143 75 
395.32 345.117 0.000019 0.0 0.000019 108 48 185 96 41 109 81 16 107 251 53 24 158 31 73 58 133 149 125 26 3 100 251 64 199 217 80 126 194 99 71 115 
790.63 244.719 0.000019 0.0 0.000019 253 81 107 101 36 94 79 48 113 226 246 76 83 17 145 115 124 228 84 110 233 180 117 8 243 233 225 20 111 179 82 112 
690.23 345.117 0.000019 0.0 0.000019 2 170 150 154 219 241 176 199 159 21 1 57 172 238 110 9 129 59 227 17 54 79 138 241 29 22 94 123 144 12 173 206 
589.84 345.117 0.000019 0.0 0.000019 3 207 6 158 214 147 166 231 150 5 72 199 32 224 54 196 104 107 130 197 118 155 14 253 40 38 142 203 29 28 185 140 
690.23 244.719 0.000019 0.0 0.000019 70 176 184 178 235 237 145 207 139 63 133 57 140 158 74 26 129 19 233 17 22 75 154 209 219 209 90 127 144 68 143 83 
589.84 244.719 0.000019 0.0 0.000019 66 176 176 186 235 249 144 207 159 29 1 57 172 190 110 142 129 27 235 17 22 75 218 241 159 86 26 123 146 68 143 223 
489.44 345.117 0.000019 0.0 0.000019 253 112 249 97 36 110 89 16 97 242 55 24 151 21 73 59 7 212 125 122 169 116 241 2 199 201 97 52 224 241 70 115 
985.15 244.719 0.000019 0.0 0.000019 253 80 125 101 37 94 79 16 97 226 182 24 91 21 145 63 54 212 92 106 233 244 241 10 211 233 97 20 107 177 70 112 
884.75 244.719 0.000019 0.0 0.000019 66 176 184 178 235 233 145 207 139 31 5 57 140 158 106 26 129 27 235 17 22 79 186 241 223 213 90 127 144 68 143 219 
884.75 345.117 0.000019 0.0 0.000019 124 48 185 98 169 125 81 16 171 255 181 57 158 159 75 58 135 21 253 16 26 101 250 128 203 217 113 255 194 67 135 115 
790.63 345.117 0.000019 0.0 0.000019 253 71 101 69 36 26 79 56 97 224 246 198 83 65 145 245 126 196 20 238 233 180 101 14 118 168 225 132 111 187 80 36 
985.15 345.117 0.000019 0.0 0.000019 187 207 71 31 22 147 174 244 84 192 74 198 97 224 181 229 120 234 2 239 237 187 13 191 48 46 143 0 127 191 120 140 
1085.55 244.719 0.000019 0.0 0.000019 66 176 189 240 233 108 17 23 171 127 180 57 158 159 66 26 135 19 253 16 18 73 242 192 207 209 120 255 128 64 135 115 
